88
93
109
129
154
185
205
200
170
118
97
90
86
89
96
97
95
98
102
101
97
100
104
104
99
102
106
106
103
105
110
110
107
109
114
115
111
113
119
120
117
120
126
127
124
129
135
136
133
135
140
140
137
138
143
141
135
133
134
129
120
118
118
113
107
105
107
104
98
98
101
99
95
96
100
100
96
96
101
100
97
97
102
103
100
99
103
104
101
100
105
104
100
99
105
105
101
98
103
104
99
97
102
101
98
95
101
102
98
96
101
101
97
94
98
100
96
93
98
99
97
96
102
103
98
95
100
100
97
95
99
101
97
95
100
102
98