273
275
281
292
309
331
360
392
426
460
490
517
542
564
583
602
617
630
642
651
657
661
661
657
653
645
636
624
613
600
588
577
565
554
543
533
524
517
510
504
498
491
484
477
470
465
459
454
451
448
446
445
446
446
448
448
450
451
453
455
458
461
463
465
467
468
467
467
466
464
462
459
455
451
447
443
440
435
431
426
422
417
412
408
403
399
395
391
389
386
384
382
380
378
376
373
369
365
362
360
358
357
356
354
353
352
352
352
352
354
356
356
357
357
357
356
354
354
354
353
353
352
352
351
351
348
346
345
344
342
340
339
339
337
337
337
336
334
332
330
328
326
323
321
319
317
315
312
310
307
305
303
302