383
382
384
387
392
400
413
432
459
489
519
549
578
604
628
651
671
689
704
715
722
722
718
710
699
684
666
647
629
612
596
581
571
563
557
554
553
555
557
562
568
576
585
596
608
621
633
645
653
658
660
657
651
643
633
622
611
600
591
583
575
569
565
561
559
558
559
560
561
565
568
570
571
571
571
568
565
561
556
551
546
540
532
525
517
509
502
497
491
487
484
483
481
479
478
476
475
474
475
475
476
477
478
479
479
478
476
474
472
471
470
469
469
468
467
466
465
462
459
457
455
453
452
451
450
451
450
449
448
446
444
442
440
438
437
435
435
435
434
431
428
424
420
417
415
414
413
412
412
412
410
408
407
406
405
405
404
403
402
401
400
398
397
396
394
393
393
393
393
391
391
389
387
385
384
383
382
382
382
381
380
381
380
380
381
381
382
381
381
380
379
379
379
379
379
378
376
374
372
371
370
368
367
367
366
365
364
363
361
361
361
360
361
362
361
361
362
363
363
363
363
363
363
361
360
359
358
358
358
357
355
355
353
351
350
349